function[y]=calculo

global centelem
%para malha quadrilateral 32x32
%pd = makedist('Lognormal','mu',0.01,'sigma',5);

%R=random(pd, size(centelem,1),1);
%RR=R';
%y=pdf(pd,R);

sigma =0.1;
y=[2.28682329653131;2.62147210489917;3.96949937739673;2.47489310832921;2.46476238819421;3.71611767238808;2.56708592042142;3.62307990667022;2.99073776366133;3.81814737746563;2.54468830562140;1.32210536814163;3.38253472575001;3.94910237625417;2.67172572184363;3.96952022835044;3.93725031080683;1.71004725340487;3.92230530187985;1.05086224840765;3.01955163290013;2.84967998432603;3.96054505673779;3.96871990842484;2.18589287619256;1.72539174745509;3.90411012231406;2.11951616253845;3.34014240641499;3.81312984664447;3.56863800312126;1.70629563133865;3.89318621159012;2.66016727919684;2.26822267335154;3.52163215713524;3.50857344841931;2.61706810493329;3.83365511134611;3.28977468831015;1.79727382528705;3.55684572820646;3.15565323801332;3.65681374831176;1.49681360560589;2.62059589145158;3.89154892700947;3.24353732197054;1.67889464243498;2.74760320931347;0.0645575311421734;3.61837736545214;0.207631621709543;3.41532930816536;3.00681792483892;3.06685390759581;3.93531071720864;1.63044729768217;3.78056242930542;3.94317228378513;3.86815736723783;2.95556697164025;2.30026799464220;2.24344510598485;3.96638100328887;1.36801787116499;3.67720095824291;3.88864598514361;2.17506397080938;3.86937698692113;3.23415695056854;3.08975881624826;3.63472076357061;2.69917031338038;3.47665327231769;3.96416797307870;1.58019069537124;3.96836041663393;1.39775331415694;2.67844614915706;3.76247244186124;3.52665998892984;1.40926328230266;3.65004269436288;3.27717894107302;3.26161139959404;3.54331335770889;3.76051315337007;3.96737103873831;2.15953597459764;3.61999968113643;0.855413580721359;3.58154003292856;3.31969364809611;3.86064056151582;3.85649068362635;3.88379589149634;2.92499018807374;3.01351471649020;3.77769173591485;3.89166310348560;2.72812657722886;0.557281313749148;3.01723065414184;3.77864577494511;3.64939366808295;1.45284841140808;3.06335723589733;3.70240894022952;3.95492052138446;1.92412612554026;2.94126834680727;2.87624103274396;3.58080417362380;3.01339758194720;3.55461415247800;3.61122556492951;3.78877624070521;3.96508543003168;2.22638955342831;0.550514428941104;2.42652295502370;3.84674097383038;1.48607544945617;1.81190529558579;1.22957368541165;3.12738614060459;3.96951616130282;2.38984402237280;3.96144499271353;0.769261649747562;2.35807671439810;3.45883877872336;3.53223044503332;2.54296480357669;3.96142222009445;2.19440746070119;3.95180647285104;1.96446911302370;2.67508486221600;3.91824764387952;3.35635109752124;3.08858755813750;3.90545919232691;3.52954559939626;3.84628155245123;3.61812724622661;3.66775608313946;3.29101266139524;3.23154001890220;3.60213812896080;3.72457427872199;2.94586590448981;3.40140975559549;3.37555091352095;3.17636491751428;0.272005939700006;2.94199666438580;3.76702098387529;3.50794204553889;0.361274748095439;3.64283194755897;1.62701787867128;1.73593135480415;1.20298643803028;3.88349061291893;1.65459089369078;3.96948696425245;2.71686722007414;2.75215838376746;3.70209325166242;3.82229395764687;3.89581541490397;1.68834191487444;3.43581765582821;0.304933103734774;0.00401067624504991;3.14342514615309;3.91375001990520;3.96799286798712;0.549536003243469;0.0848197580977740;0.285107255737602;3.95830349237866;2.51015163241514;3.77085538058236;0.886818909503604;2.30412224593866;2.80436009752292;3.53900004123334;0.897307653661698;3.41995184157151;0.392361476013412;1.79681116308280;3.40643382222650;3.92634874592802;3.13882530649674;3.90787325974279;3.96665548228790;2.60262555131977;1.33653845840808;3.92136355910787;1.99869020616311;1.89701958282444;3.71403111101929;3.70234045445544;3.82565504431685;3.93648671753553;0.784347128632676;3.94932749896868;3.89570865675808;2.95479046351498;2.86149152655985;3.96881021927728;3.26435672633752;3.11073946453621;3.96073144273138;2.46633754895977;2.49544533109195;3.93779659825171;3.75126815852215;3.74637700099314;1.66073002824689;3.28769916218980;1.97472187494887;2.38076411257968;0.202324021156933;3.94664937294879;2.64686738172715;0.705904012275226;1.87725249714303;3.96103513073747;3.26666665658756;2.63080163733063;0.533794440080969;3.94408766927137;3.35172656964549;1.93800718856012;2.98805600127483;1.06707899992048;2.93958691396889;3.80118780764540;3.96794965165759;3.63035379063551;1.05588581199084;3.06552126250468;3.88633676263047;1.65652404790722;3.41055359585577;0.327941330981747;3.27791898019077;3.75968560053082;0.629853693433990;3.55064914488295;3.96914118082258;3.75792651236440;3.77419762878607;0.157847559958610;3.32767661945122;3.76531166802910;0.589820895577569;3.92110079362890;0.0602436500977487;3.47577254396933;3.60141903526762;3.43472816796240;3.16340356530409;3.31735961652607;3.93197785522725;1.37981671596654;3.21598799872280;3.93501844511403;1.01259570619262;3.89955145847796;3.41401001892052;3.92948875960557;3.10917233990724;2.15401155447572;3.96651602534946;3.79356947048321;3.34663485824693;0.0248929292910272;3.64539945609893;2.21873659355865;3.86351415918486;3.08624250042877;3.94584329069381;2.41358126977987;3.95374648268084;3.96066173869928;3.94121899797116;2.48484808414279;1.87742059209221;2.43911265505355;2.88957849191780;3.96935276015935;3.86637386325778;1.58876497076033;2.66127051332720;2.93529978982218;3.68157731936104;3.35351498287634;3.91225365074699;3.71129797463540;2.48751721552733;2.69524574254045;0.387017376739353;3.88551376669859;0.507982495424273;1.76825392654348;3.96191085844958;3.27198285295715;1.57130075409522;3.72145269820690;3.89863812714995;1.69561615624526;1.36884750725691;3.83563411775455;1.79565362446915;1.90015145081290;3.05994759861478;2.94760372048397;3.96944710857204;3.96931579572885;0.450772386901829;3.51094893093995;3.63911391224289;3.95886234223767;3.93831197118182;3.94871629984342;0.346932263536781;3.87878671907156;1.51847612266418;1.20830140492115;2.93940892848091;0.943113452347296;3.93696671679293;3.75873548254348;3.76999284861032;3.82503331808948;2.35232178132757;0.925988554406146;3.19978858318016;3.52663596520681;3.80621338315555;1.83351494596068;3.56970448301030;2.35679794600590;0.810249720630468;3.82984486341284;3.95612855273722;1.02820848495946;2.02918464884571;3.94067603623346;2.93506747827572;3.42948346012035;3.95942218789079;3.09880019092707;2.26834827962486;2.09929124963029;2.52472718402252;2.16326543730832;1.71193704903908;0.417142347551765;3.84024595663955;3.28562030947631;2.96711652947732;0.875089846169237;3.67586086292742;3.92252274772557;2.12313785034515;3.96028704738561;3.28072870097091;3.96938810350645;3.92634244273564;2.05466033313479;1.25839860775613;3.48841905923795;3.32930655363110;1.38386690887326;3.55946475322820;0.349078440165613;1.96641865600596;3.19246331134836;3.44383254655150;3.78493841798108;3.49775698997322;1.15827574282521;3.04588131901144;2.39897051313359;2.76324781896732;1.48623335205141;2.61505361199659;3.22508435686680;2.70104561416047;2.99999036030838;3.08312198778992;2.77840658766236;1.65831813601976;2.25795520541414;0.992601688648176;2.84129984847034;2.69263396248897;2.54554413619308;3.78342793132184;1.21650477584179;3.83979680949710;3.05735430029887;2.40643972890561;3.54349210602257;3.87934788921994;3.96577861364952;0.628770696505974;1.22721806735864;3.94621358535285;2.41033634650172;3.95724802820212;3.96332525880379;3.53255716995810;3.47105028176739;1.09914131894466;3.84719371813269;3.96827843406949;3.87725990784247;3.96917515646567;1.36022360203608;3.61949527257746;2.40001654931135;3.51533638404334;0.160638700123429;3.92688744151436;2.90531239240081;3.40887186516384;3.95990698593926;3.74024325426576;2.25219476411161;3.71082748561562;3.14816528451741;3.09844032007379;3.94438190974485;3.50652409803442;3.95182304034941;2.59224398703538;1.58637408743863;1.76625027672299;3.79982990876358;3.48235603796555;3.34519236055125;3.93729721384619;0.230065842742363;3.96859638306982;3.12427022520453;2.21083991602323;3.63721108047334;3.60228100000939;3.38179865876819;