$MeshFormat
2.2 0 8
$EndMeshFormat
$Nodes
289
1 0 0 0
2 1 0 0
3 1 1 0
4 0 1 0
5 0.06249999999987027 0 0
6 0.1249999999997731 0 0
7 0.1874999999995921 0 0
8 0.2499999999994109 0 0
9 0.3124999999992285 0 0
10 0.3749999999990461 0 0
11 0.4374999999988691 0 0
12 0.4999999999986921 0 0
13 0.5624999999988515 0 0
14 0.6249999999990109 0 0
15 0.6874999999991758 0 0
16 0.7499999999993406 0 0
17 0.8124999999995054 0 0
18 0.8749999999996703 0 0
19 0.9374999999998351 0 0
20 1 0.06249999999987027 0
21 1 0.1249999999997731 0
22 1 0.1874999999995921 0
23 1 0.2499999999994109 0
24 1 0.3124999999992285 0
25 1 0.3749999999990461 0
26 1 0.4374999999988691 0
27 1 0.4999999999986921 0
28 1 0.5624999999988515 0
29 1 0.6249999999990109 0
30 1 0.6874999999991758 0
31 1 0.7499999999993406 0
32 1 0.8124999999995054 0
33 1 0.8749999999996703 0
34 1 0.9374999999998351 0
35 0.9374999999996884 1 0
36 0.8749999999995012 1 0
37 0.8124999999999951 1 0
38 0.7500000000003471 1 0
39 0.6875000000007888 1 0
40 0.625000000001214 1 0
41 0.5625000000017122 1 0
42 0.5000000000020595 1 0
43 0.4375000000018101 1 0
44 0.3750000000015609 1 0
45 0.3125000000013006 1 0
46 0.2500000000010405 1 0
47 0.1875000000007804 1 0
48 0.1250000000005203 1 0
49 0.06250000000026013 1 0
50 0 0.9374999999996884 0
51 0 0.8749999999995012 0
52 0 0.8124999999999951 0
53 0 0.7500000000003471 0
54 0 0.6875000000007888 0
55 0 0.625000000001214 0
56 0 0.5625000000017122 0
57 0 0.5000000000020595 0
58 0 0.4375000000018101 0
59 0 0.3750000000015609 0
60 0 0.3125000000013006 0
61 0 0.2500000000010405 0
62 0 0.1875000000007804 0
63 0 0.1250000000005203 0
64 0 0.06250000000026013 0
65	0.123721103664075	0.111208470691340	0
66	0.129208688518725	0.238960529167688	0
67	0.116175092641859	0.376217905009302	0
68	0.125000000000147	0.500000000001639	0
69	0.137214280721669	0.626913622372675	0
70	0.107459320946921	0.766143348895797	0
71	0.130889713176158	0.887044755354302	0
72	0.247869878054124	0.114531268903833	0
73	0.266386019185273	0.259301966575811	0
74	0.238841158110511	0.390911024439492	0
75	0.250000000000226	0.500000000001218	0
76	0.261895818092494	0.632185731096847	0
77	0.263310226706529	0.751321937210244	0
78	0.244490706256105	0.864004141149438	0
79	0.358872172238346	0.135607696235023	0
80	0.368360714929146	0.263824389269343	0
81	0.366879937508474	0.369205616016894	0
82	0.375000000000304	0.500000000000797	0
83	0.366367180387141	0.619109499857114	0
84	0.364216562878025	0.733793205953479	0
85	0.374166082253764	0.857379368342034	0
86	0.497739387772135	0.131736539256991	0
87	0.513152038517825	0.253893815194484	0
88	0.511014331632280	0.372694433835819	0
89	0.500000000000376	0.500000000000376	0
90	0.492310503011633	0.641041267518994	0
91	0.490607938231381	0.736013418006022	0
92	0.496599331039573	0.860911224209226	0
93	0.640395188217883	0.109773113004189	0
94	0.609037277738006	0.236625721511211	0
95	0.617478731849915	0.379241237308879	0
96	0.625000000000110	0.499999999999933	0
97	0.627944872977872	0.614527875917608	0
98	0.626437827931512	0.735517031055940	0
99	0.617713085925310	0.881652131827983	0
100	0.753087577042347	0.111125641103183	0
101	0.758444249288468	0.235341138193946	0
102	0.761448211504062	0.380170908606391	0
103	0.749999999999844	0.499999999999534	0
104	0.752971298950458	0.641872573924361	0
105	0.760455515721269	0.768042214808056	0
106	0.760215895009561	0.868453516130200	0
107	0.858673669643918	0.134514199764253	0
108	0.884120896414472	0.252953861151472	0
109	0.892256959334831	0.386912148149914	0
110	0.874999999999586	0.499999999999113	0
111	0.888827732055413	0.629710491453363	0
112	0.873634944138705	0.762117574760241	0
113	0.881514305946470	0.857585253070973	0
114	0.129537033977995	0.0549168752759991	0
115	0.0531068468565528	0.115979237309983	0
116	0.0447122210079292	0.0556500647206135	0
117	0.128017731741370	0.181247194617175	0
118	0.0507151088119900	0.261863016227456	0
119	0.0496401880217450	0.170757423664472	0
120	0.122346529610001	0.308105144252204	0
121	0.0671378527322181	0.375744126588654	0
122	0.0516057217467137	0.295410923684883	0
123	0.121357287849072	0.455479710127091	0
124	0.0625000000000734	0.500000000001849	0
125	0.0632443255248703	0.443590714499867	0
126	0.107535663575155	0.572165899754398	0
127	0.0479066647337176	0.632314113257021	0
128	0.0761796123545120	0.576109148266752	0
129	0.125887610632129	0.705155068115640	0
130	0.0723899940785331	0.753031388961489	0
131	0.0623132315868624	0.696512728678047	0
132	0.122379999735298	0.818183330448546	0
133	0.0529553268285138	0.864958031425040	0
134	0.0551148179256166	0.820891425740768	0
135	0.134862062804590	0.943869994724246	0
136	0.0562478628411605	0.921225308016600	0
137	0.232605394686395	0.0595249576343805	0
138	0.203026935551941	0.129465327308043	0
139	0.176617874391929	0.0738186026760194	0
140	0.255023203202581	0.175444994079477	0
141	0.177272694489442	0.265033357267636	0
142	0.204687606379219	0.192168110964816	0
143	0.232018016221260	0.306216584104203	0
144	0.190233367523371	0.371156958682736	0
145	0.199982567719610	0.298459796334447	0
146	0.243527836203938	0.420232521091630	0
147	0.187500000000186	0.500000000001428	0
148	0.186451590512444	0.427765660818417	0
149	0.254413931228335	0.566382977174858	0
150	0.184210251850981	0.629957153376997	0
151	0.187309500778029	0.569849082045351	0
152	0.263070888162119	0.679780061323809	0
153	0.204470811102500	0.744160464586341	0
154	0.202482914294508	0.705265137936635	0
155	0.248237839547891	0.814563405173549	0
156	0.182219020016825	0.869312365450446	0
157	0.204253236434711	0.805741830999669	0
158	0.243667080232423	0.920789190471694	0
159	0.195525222565501	0.954120139193034	0
160	0.365265216052364	0.0519056376986951	0
161	0.309592299458353	0.127343763091331	0
162	0.303593691841099	0.0724769706883229	0
163	0.383925897471734	0.176829819262969	0
164	0.325402361207601	0.261105044601268	0
165	0.303300189409131	0.204810195521434	0
166	0.358571689588231	0.320372762007568	0
167	0.298280958311905	0.359198315999104	0
168	0.310061252276185	0.324876046853627	0
169	0.359407848886344	0.425029925064662	0
170	0.312500000000265	0.500000000001007	0
171	0.312720170016209	0.442609174122585	0
172	0.374134340552513	0.545104065660813	0
173	0.322971896543575	0.623349053192589	0
174	0.310151150157021	0.580553488851663	0
175	0.363581072868564	0.679725433413810	0
176	0.299919726721273	0.734208972885086	0
177	0.317497645180480	0.690712399241664	0
178	0.366787741279291	0.825032576319146	0
179	0.303512519012334	0.870218079842133	0
180	0.299310146361108	0.815298346351063	0
181	0.374634982537469	0.935215581160429	0
182	0.329698199942728	0.950274148889770	0
183	0.494153939328251	0.0464061143211243	0
184	0.445269895691190	0.126648274053123	0
185	0.437769399273851	0.0742490004660937	0
186	0.509255667950450	0.187940578903918	0
187	0.449063200085389	0.252173329896423	0
188	0.424833467669750	0.188511492961212	0
189	0.516834086590491	0.317926944152623	0
190	0.426099577234328	0.386652201408728	0
191	0.434775146471193	0.294714999311060	0
192	0.516671790737014	0.443424172416342	0
193	0.437500000000340	0.500000000000586	0
194	0.422802689206587	0.428146398932023	0
195	0.511544482013027	0.571829992299475	0
196	0.435014024935395	0.632839597362012	0
197	0.431085217951285	0.568714249633248	0
198	0.508235724974284	0.698790710555719	0
199	0.422784502580594	0.732300654057121	0
200	0.429645758498905	0.678807491493011	0
201	0.506131921144973	0.829518873182731	0
202	0.423615281951516	0.877301890945324	0
203	0.436300559711731	0.807876034340753	0
204	0.492892980568575	0.944747496493209	0
205	0.444872254105199	0.955394924311002	0
206	0.629616273697431	0.0727161889494834	0
207	0.557986787993741	0.107229812845039	0
208	0.551006851510734	0.0633733621747576	0
209	0.634902863469154	0.175571777864210	0
210	0.561507992526605	0.266886302579027	0
211	0.556045268302839	0.188847353029485	0
212	0.638767170516096	0.296524719696139	0
213	0.548251053628088	0.379502567718769	0
214	0.554191790821042	0.329074997502313	0
215	0.615600933198108	0.434609276995431	0
216	0.562500000000242	0.500000000000137	0
217	0.573965506118878	0.430812148036751	0
218	0.638595618983870	0.570378178090800	0
219	0.557196430190045	0.616392107196583	0
220	0.572907624961470	0.572034018226040	0
221	0.612458475971965	0.676473454670326	0
222	0.547650519376846	0.741268845337007	0
223	0.548416125062371	0.684867518101278	0
224	0.613418976845671	0.819700506538525	0
225	0.571785680444669	0.888541096871005	0
226	0.553762749829619	0.811725225796537	0
227	0.640043162742699	0.935458772276434	0
228	0.575326927297261	0.952116701428225	0
229	0.733049167595164	0.0452440546387001	0
230	0.696127886453202	0.115863250945582	0
231	0.689025067894712	0.0704090691991482	0
232	0.755448281783876	0.203697547608276	0
233	0.698303237737213	0.260292017699024	0
234	0.676383364600660	0.189807223610029	0
235	0.743665343420360	0.322137745771998	0
236	0.700301144406794	0.386758680507543	0
237	0.697530412043832	0.317829529457195	0
238	0.762410851994978	0.440906487007018	0
239	0.687499999999978	0.499999999999744	0
240	0.686797085007066	0.438525248904033	0
241	0.753357515951149	0.552703968670015	0
242	0.705410483763337	0.626558698174696	0
243	0.691690178397995	0.567500628505955	0
244	0.743374126624467	0.681483884133701	0
245	0.685103514104557	0.759764288280775	0
246	0.690215226958865	0.679963346441685	0
247	0.745450683773696	0.823008573030786	0
248	0.682361432998731	0.873303030786717	0
249	0.695046444010351	0.796767692120555	0
250	0.736436903734495	0.928010068548493	0
251	0.669991422172312	0.930846527843027	0
252	0.886918387360934	0.0543789470839666	0
253	0.812935734069553	0.132213311992321	0
254	0.827493267557675	0.0594001697126381	0
255	0.876557649463216	0.174063384197546	0
256	0.814893293614152	0.239046296896308	0
257	0.814983081710716	0.177330281953972	0
258	0.883943568843359	0.309252858722003	0
259	0.800520436374389	0.382427607130416	0
260	0.807819693416929	0.323826983992529	0
261	0.858321408723281	0.439456735799377	0
262	0.812499999999715	0.499999999999324	0
263	0.828156256801164	0.431964241442679	0
264	0.857052531727771	0.551906526311748	0
265	0.809113226278221	0.620140716492155	0
266	0.813497170858278	0.575184130049765	0
267	0.864633285154721	0.675403917225103	0
268	0.808143186174733	0.742662030618674	0
269	0.822342361123536	0.686436384744810	0
270	0.888161465323050	0.830569286915542	0
271	0.815693123022766	0.884675323013552	0
272	0.825528712099725	0.819764342319205	0
273	0.867193244822668	0.954700287632716	0
274	0.808199750134247	0.951664468198087	0
275	0.946712145543377	0.117482286474285	0
276	0.936043480788830	0.0520514257933702	0
277	0.932807531757125	0.266117704708792	0
278	0.949733061140123	0.201068538186776	0
279	0.930495437964875	0.358505867462835	0
280	0.946584297315542	0.311714969939195	0
281	0.937499999999793	0.499999999998903	0
282	0.945616639052293	0.440458922002913	0
283	0.941561179805743	0.624608414995836	0
284	0.945548637385752	0.546319683828192	0
285	0.930137742915001	0.758857695783478	0
286	0.935546836559904	0.704941037907836	0
287	0.935821655068011	0.886593807956011	0
288	0.927152127582310	0.822233309921548	0
289	0.920471013724162	0.937816109599890	0
$EndNodes
$Elements
324
1 15 2 101 1 1
2 15 2 102 2 2
3 15 2 102 3 3
4 15 2 101 4 4
5 1 2 201 1 1 5
6 1 2 201 1 5 6
7 1 2 201 1 6 7
8 1 2 201 1 7 8
9 1 2 201 1 8 9
10 1 2 201 1 9 10
11 1 2 201 1 10 11
12 1 2 201 1 11 12
13 1 2 201 1 12 13
14 1 2 201 1 13 14
15 1 2 201 1 14 15
16 1 2 201 1 15 16
17 1 2 201 1 16 17
18 1 2 201 1 17 18
19 1 2 201 1 18 19
20 1 2 201 1 19 2
21 1 2 102 2 2 20
22 1 2 102 2 20 21
23 1 2 102 2 21 22
24 1 2 102 2 22 23
25 1 2 102 2 23 24
26 1 2 102 2 24 25
27 1 2 102 2 25 26
28 1 2 102 2 26 27
29 1 2 102 2 27 28
30 1 2 102 2 28 29
31 1 2 102 2 29 30
32 1 2 102 2 30 31
33 1 2 102 2 31 32
34 1 2 102 2 32 33
35 1 2 102 2 33 34
36 1 2 102 2 34 3
37 1 2 201 3 3 35
38 1 2 201 3 35 36
39 1 2 201 3 36 37
40 1 2 201 3 37 38
41 1 2 201 3 38 39
42 1 2 201 3 39 40
43 1 2 201 3 40 41
44 1 2 201 3 41 42
45 1 2 201 3 42 43
46 1 2 201 3 43 44
47 1 2 201 3 44 45
48 1 2 201 3 45 46
49 1 2 201 3 46 47
50 1 2 201 3 47 48
51 1 2 201 3 48 49
52 1 2 201 3 49 4
53 1 2 101 4 4 50
54 1 2 101 4 50 51
55 1 2 101 4 51 52
56 1 2 101 4 52 53
57 1 2 101 4 53 54
58 1 2 101 4 54 55
59 1 2 101 4 55 56
60 1 2 101 4 56 57
61 1 2 101 4 57 58
62 1 2 101 4 58 59
63 1 2 101 4 59 60
64 1 2 101 4 60 61
65 1 2 101 4 61 62
66 1 2 101 4 62 63
67 1 2 101 4 63 64
68 1 2 101 4 64 1
69 3 2 1 6 1 5 116 64
70 3 2 1 6 5 6 114 116
71 3 2 1 6 116 114 65 115
72 3 2 1 6 64 116 115 63
73 3 2 1 6 63 115 119 62
74 3 2 1 6 115 65 117 119
75 3 2 1 6 119 117 66 118
76 3 2 1 6 62 119 118 61
77 3 2 1 6 61 118 122 60
78 3 2 1 6 118 66 120 122
79 3 2 1 6 122 120 67 121
80 3 2 1 6 60 122 121 59
81 3 2 1 6 59 121 125 58
82 3 2 1 6 121 67 123 125
83 3 2 1 6 125 123 68 124
84 3 2 1 6 58 125 124 57
85 3 2 1 6 57 124 128 56
86 3 2 1 6 124 68 126 128
87 3 2 1 6 128 126 69 127
88 3 2 1 6 56 128 127 55
89 3 2 1 6 55 127 131 54
90 3 2 1 6 127 69 129 131
91 3 2 1 6 131 129 70 130
92 3 2 1 6 54 131 130 53
93 3 2 1 6 53 130 134 52
94 3 2 1 6 130 70 132 134
95 3 2 1 6 134 132 71 133
96 3 2 1 6 52 134 133 51
97 3 2 1 6 51 133 136 50
98 3 2 1 6 133 71 135 136
99 3 2 1 6 136 135 48 49
100 3 2 1 6 50 136 49 4
101 3 2 1 6 6 7 139 114
102 3 2 1 6 7 8 137 139
103 3 2 1 6 139 137 72 138
104 3 2 1 6 114 139 138 65
105 3 2 1 6 65 138 142 117
106 3 2 1 6 138 72 140 142
107 3 2 1 6 142 140 73 141
108 3 2 1 6 117 142 141 66
109 3 2 1 6 66 141 145 120
110 3 2 1 6 141 73 143 145
111 3 2 1 6 145 143 74 144
112 3 2 1 6 120 145 144 67
113 3 2 1 6 67 144 148 123
114 3 2 1 6 144 74 146 148
115 3 2 1 6 148 146 75 147
116 3 2 1 6 123 148 147 68
117 3 2 1 6 68 147 151 126
118 3 2 1 6 147 75 149 151
119 3 2 1 6 151 149 76 150
120 3 2 1 6 126 151 150 69
121 3 2 1 6 69 150 154 129
122 3 2 1 6 150 76 152 154
123 3 2 1 6 154 152 77 153
124 3 2 1 6 129 154 153 70
125 3 2 1 6 70 153 157 132
126 3 2 1 6 153 77 155 157
127 3 2 1 6 157 155 78 156
128 3 2 1 6 132 157 156 71
129 3 2 1 6 71 156 159 135
130 3 2 1 6 156 78 158 159
131 3 2 1 6 159 158 46 47
132 3 2 1 6 135 159 47 48
133 3 2 1 6 8 9 162 137
134 3 2 1 6 9 10 160 162
135 3 2 1 6 162 160 79 161
136 3 2 1 6 137 162 161 72
137 3 2 1 6 72 161 165 140
138 3 2 1 6 161 79 163 165
139 3 2 1 6 165 163 80 164
140 3 2 1 6 140 165 164 73
141 3 2 1 6 73 164 168 143
142 3 2 1 6 164 80 166 168
143 3 2 1 6 168 166 81 167
144 3 2 1 6 143 168 167 74
145 3 2 1 6 74 167 171 146
146 3 2 1 6 167 81 169 171
147 3 2 1 6 171 169 82 170
148 3 2 1 6 146 171 170 75
149 3 2 1 6 75 170 174 149
150 3 2 1 6 170 82 172 174
151 3 2 1 6 174 172 83 173
152 3 2 1 6 149 174 173 76
153 3 2 1 6 76 173 177 152
154 3 2 1 6 173 83 175 177
155 3 2 1 6 177 175 84 176
156 3 2 1 6 152 177 176 77
157 3 2 1 6 77 176 180 155
158 3 2 1 6 176 84 178 180
159 3 2 1 6 180 178 85 179
160 3 2 1 6 155 180 179 78
161 3 2 1 6 78 179 182 158
162 3 2 1 6 179 85 181 182
163 3 2 1 6 182 181 44 45
164 3 2 1 6 158 182 45 46
165 3 2 1 6 10 11 185 160
166 3 2 1 6 11 12 183 185
167 3 2 1 6 185 183 86 184
168 3 2 1 6 160 185 184 79
169 3 2 1 6 79 184 188 163
170 3 2 1 6 184 86 186 188
171 3 2 1 6 188 186 87 187
172 3 2 1 6 163 188 187 80
173 3 2 1 6 80 187 191 166
174 3 2 1 6 187 87 189 191
175 3 2 1 6 191 189 88 190
176 3 2 1 6 166 191 190 81
177 3 2 1 6 81 190 194 169
178 3 2 1 6 190 88 192 194
179 3 2 1 6 194 192 89 193
180 3 2 1 6 169 194 193 82
181 3 2 1 6 82 193 197 172
182 3 2 1 6 193 89 195 197
183 3 2 1 6 197 195 90 196
184 3 2 1 6 172 197 196 83
185 3 2 1 6 83 196 200 175
186 3 2 1 6 196 90 198 200
187 3 2 1 6 200 198 91 199
188 3 2 1 6 175 200 199 84
189 3 2 1 6 84 199 203 178
190 3 2 1 6 199 91 201 203
191 3 2 1 6 203 201 92 202
192 3 2 1 6 178 203 202 85
193 3 2 1 6 85 202 205 181
194 3 2 1 6 202 92 204 205
195 3 2 1 6 205 204 42 43
196 3 2 1 6 181 205 43 44
197 3 2 1 6 12 13 208 183
198 3 2 1 6 13 14 206 208
199 3 2 1 6 208 206 93 207
200 3 2 1 6 183 208 207 86
201 3 2 1 6 86 207 211 186
202 3 2 1 6 207 93 209 211
203 3 2 1 6 211 209 94 210
204 3 2 1 6 186 211 210 87
205 3 2 1 6 87 210 214 189
206 3 2 1 6 210 94 212 214
207 3 2 1 6 214 212 95 213
208 3 2 1 6 189 214 213 88
209 3 2 1 6 88 213 217 192
210 3 2 1 6 213 95 215 217
211 3 2 1 6 217 215 96 216
212 3 2 1 6 192 217 216 89
213 3 2 1 6 89 216 220 195
214 3 2 1 6 216 96 218 220
215 3 2 1 6 220 218 97 219
216 3 2 1 6 195 220 219 90
217 3 2 1 6 90 219 223 198
218 3 2 1 6 219 97 221 223
219 3 2 1 6 223 221 98 222
220 3 2 1 6 198 223 222 91
221 3 2 1 6 91 222 226 201
222 3 2 1 6 222 98 224 226
223 3 2 1 6 226 224 99 225
224 3 2 1 6 201 226 225 92
225 3 2 1 6 92 225 228 204
226 3 2 1 6 225 99 227 228
227 3 2 1 6 228 227 40 41
228 3 2 1 6 204 228 41 42
229 3 2 1 6 14 15 231 206
230 3 2 1 6 15 16 229 231
231 3 2 1 6 231 229 100 230
232 3 2 1 6 206 231 230 93
233 3 2 1 6 93 230 234 209
234 3 2 1 6 230 100 232 234
235 3 2 1 6 234 232 101 233
236 3 2 1 6 209 234 233 94
237 3 2 1 6 94 233 237 212
238 3 2 1 6 233 101 235 237
239 3 2 1 6 237 235 102 236
240 3 2 1 6 212 237 236 95
241 3 2 1 6 95 236 240 215
242 3 2 1 6 236 102 238 240
243 3 2 1 6 240 238 103 239
244 3 2 1 6 215 240 239 96
245 3 2 1 6 96 239 243 218
246 3 2 1 6 239 103 241 243
247 3 2 1 6 243 241 104 242
248 3 2 1 6 218 243 242 97
249 3 2 1 6 97 242 246 221
250 3 2 1 6 242 104 244 246
251 3 2 1 6 246 244 105 245
252 3 2 1 6 221 246 245 98
253 3 2 1 6 98 245 249 224
254 3 2 1 6 245 105 247 249
255 3 2 1 6 249 247 106 248
256 3 2 1 6 224 249 248 99
257 3 2 1 6 99 248 251 227
258 3 2 1 6 248 106 250 251
259 3 2 1 6 251 250 38 39
260 3 2 1 6 227 251 39 40
261 3 2 1 6 16 17 254 229
262 3 2 1 6 17 18 252 254
263 3 2 1 6 254 252 107 253
264 3 2 1 6 229 254 253 100
265 3 2 1 6 100 253 257 232
266 3 2 1 6 253 107 255 257
267 3 2 1 6 257 255 108 256
268 3 2 1 6 232 257 256 101
269 3 2 1 6 101 256 260 235
270 3 2 1 6 256 108 258 260
271 3 2 1 6 260 258 109 259
272 3 2 1 6 235 260 259 102
273 3 2 1 6 102 259 263 238
274 3 2 1 6 259 109 261 263
275 3 2 1 6 263 261 110 262
276 3 2 1 6 238 263 262 103
277 3 2 1 6 103 262 266 241
278 3 2 1 6 262 110 264 266
279 3 2 1 6 266 264 111 265
280 3 2 1 6 241 266 265 104
281 3 2 1 6 104 265 269 244
282 3 2 1 6 265 111 267 269
283 3 2 1 6 269 267 112 268
284 3 2 1 6 244 269 268 105
285 3 2 1 6 105 268 272 247
286 3 2 1 6 268 112 270 272
287 3 2 1 6 272 270 113 271
288 3 2 1 6 247 272 271 106
289 3 2 1 6 106 271 274 250
290 3 2 1 6 271 113 273 274
291 3 2 1 6 274 273 36 37
292 3 2 1 6 250 274 37 38
293 3 2 1 6 18 19 276 252
294 3 2 1 6 19 2 20 276
295 3 2 1 6 276 20 21 275
296 3 2 1 6 252 276 275 107
297 3 2 1 6 107 275 278 255
298 3 2 1 6 275 21 22 278
299 3 2 1 6 278 22 23 277
300 3 2 1 6 255 278 277 108
301 3 2 1 6 108 277 280 258
302 3 2 1 6 277 23 24 280
303 3 2 1 6 280 24 25 279
304 3 2 1 6 258 280 279 109
305 3 2 1 6 109 279 282 261
306 3 2 1 6 279 25 26 282
307 3 2 1 6 282 26 27 281
308 3 2 1 6 261 282 281 110
309 3 2 1 6 110 281 284 264
310 3 2 1 6 281 27 28 284
311 3 2 1 6 284 28 29 283
312 3 2 1 6 264 284 283 111
313 3 2 1 6 111 283 286 267
314 3 2 1 6 283 29 30 286
315 3 2 1 6 286 30 31 285
316 3 2 1 6 267 286 285 112
317 3 2 1 6 112 285 288 270
318 3 2 1 6 285 31 32 288
319 3 2 1 6 288 32 33 287
320 3 2 1 6 270 288 287 113
321 3 2 1 6 113 287 289 273
322 3 2 1 6 287 33 34 289
323 3 2 1 6 289 34 3 35
324 3 2 1 6 273 289 35 36
$EndElements
