$MeshFormat
4.1 0 8
$EndMeshFormat
$Entities
4 4 1 0
1 -304.8 -304.8 0 0 
2 304.8 -304.8 0 0 
3 304.8 304.8 0 0 
4 -304.8 304.8 0 0 
1 -304.8 -304.8 0 304.8 -304.8 0 0 2 1 -2 
2 304.8 -304.8 0 304.8 304.8 0 0 2 2 -3 
3 -304.8 304.8 0 304.8 304.8 0 0 2 3 -4 
4 -304.8 -304.8 0 -304.8 304.8 0 0 2 4 -1 
6 -304.8 -304.8 0 304.8 304.8 0 0 4 1 2 3 4 
$EndEntities
$Nodes
9 729 1 729
0 1 0 1
1
-304.8 -304.8 0
0 2 0 1
2
304.8 -304.8 0
0 3 0 1
3
304.8 304.8 0
0 4 0 1
4
-304.8 304.8 0
1 1 0 25
5
6
7
8
9
10
11
12
13
14
15
16
17
18
19
20
21
22
23
24
25
26
27
28
29
-281.3538461538948 -304.8 0
-257.9076923077691 -304.8 0
-234.4615384616524 -304.8 0
-211.015384615557 -304.8 0
-187.569230769463 -304.8 0
-164.12307692338 -304.8 0
-140.676923077297 -304.8 0
-117.2307692312118 -304.8 0
-93.78461538511823 -304.8 0
-70.33846153902456 -304.8 0
-46.89230769293175 -304.8 0
-23.44615384682652 -304.8 0
-7.102585186657961e-10 -304.8 0
23.44615384551361 -304.8 0
46.89230769174861 -304.8 0
70.33846153796139 -304.8 0
93.78461538417417 -304.8 0
117.2307692303869 -304.8 0
140.6769230765996 -304.8 0
164.1230769228123 -304.8 0
187.5692307690251 -304.8 0
211.015384615231 -304.8 0
234.4615384614232 -304.8 0
257.9076923076155 -304.8 0
281.3538461538078 -304.8 0
1 2 0 25
30
31
32
33
34
35
36
37
38
39
40
41
42
43
44
45
46
47
48
49
50
51
52
53
54
304.8 -281.3538461538948 0
304.8 -257.9076923077691 0
304.8 -234.4615384616524 0
304.8 -211.015384615557 0
304.8 -187.569230769463 0
304.8 -164.12307692338 0
304.8 -140.676923077297 0
304.8 -117.2307692312118 0
304.8 -93.78461538511823 0
304.8 -70.33846153902456 0
304.8 -46.89230769293175 0
304.8 -23.44615384682652 0
304.8 -7.102585186657961e-10 0
304.8 23.44615384551361 0
304.8 46.89230769174861 0
304.8 70.33846153796139 0
304.8 93.78461538417417 0
304.8 117.2307692303869 0
304.8 140.6769230765996 0
304.8 164.1230769228123 0
304.8 187.5692307690251 0
304.8 211.015384615231 0
304.8 234.4615384614232 0
304.8 257.9076923076155 0
304.8 281.3538461538078 0
1 3 0 25
55
56
57
58
59
60
61
62
63
64
65
66
67
68
69
70
71
72
73
74
75
76
77
78
79
281.3538461538948 304.8 0
257.9076923077691 304.8 0
234.4615384616524 304.8 0
211.015384615557 304.8 0
187.569230769463 304.8 0
164.12307692338 304.8 0
140.676923077297 304.8 0
117.2307692312118 304.8 0
93.78461538511823 304.8 0
70.33846153902456 304.8 0
46.89230769293175 304.8 0
23.44615384682652 304.8 0
7.102585186657961e-10 304.8 0
-23.44615384551361 304.8 0
-46.89230769174861 304.8 0
-70.33846153796139 304.8 0
-93.78461538417417 304.8 0
-117.2307692303869 304.8 0
-140.6769230765996 304.8 0
-164.1230769228123 304.8 0
-187.5692307690251 304.8 0
-211.015384615231 304.8 0
-234.4615384614232 304.8 0
-257.9076923076155 304.8 0
-281.3538461538078 304.8 0
1 4 0 25
80
81
82
83
84
85
86
87
88
89
90
91
92
93
94
95
96
97
98
99
100
101
102
103
104
-304.8 281.3538461538948 0
-304.8 257.9076923077691 0
-304.8 234.4615384616524 0
-304.8 211.015384615557 0
-304.8 187.569230769463 0
-304.8 164.12307692338 0
-304.8 140.676923077297 0
-304.8 117.2307692312118 0
-304.8 93.78461538511823 0
-304.8 70.33846153902456 0
-304.8 46.89230769293175 0
-304.8 23.44615384682652 0
-304.8 7.102585186657961e-10 0
-304.8 -23.44615384551361 0
-304.8 -46.89230769174861 0
-304.8 -70.33846153796139 0
-304.8 -93.78461538417417 0
-304.8 -117.2307692303869 0
-304.8 -140.6769230765996 0
-304.8 -164.1230769228123 0
-304.8 -187.5692307690251 0
-304.8 -211.015384615231 0
-304.8 -234.4615384614232 0
-304.8 -257.9076923076155 0
-304.8 -281.3538461538078 0
2 6 0 625
105
106
107
108
109
110
111
112
113
114
115
116
117
118
119
120
121
122
123
124
125
126
127
128
129
130
131
132
133
134
135
136
137
138
139
140
141
142
143
144
145
146
147
148
149
150
151
152
153
154
155
156
157
158
159
160
161
162
163
164
165
166
167
168
169
170
171
172
173
174
175
176
177
178
179
180
181
182
183
184
185
186
187
188
189
190
191
192
193
194
195
196
197
198
199
200
201
202
203
204
205
206
207
208
209
210
211
212
213
214
215
216
217
218
219
220
221
222
223
224
225
226
227
228
229
230
231
232
233
234
235
236
237
238
239
240
241
242
243
244
245
246
247
248
249
250
251
252
253
254
255
256
257
258
259
260
261
262
263
264
265
266
267
268
269
270
271
272
273
274
275
276
277
278
279
280
281
282
283
284
285
286
287
288
289
290
291
292
293
294
295
296
297
298
299
300
301
302
303
304
305
306
307
308
309
310
311
312
313
314
315
316
317
318
319
320
321
322
323
324
325
326
327
328
329
330
331
332
333
334
335
336
337
338
339
340
341
342
343
344
345
346
347
348
349
350
351
352
353
354
355
356
357
358
359
360
361
362
363
364
365
366
367
368
369
370
371
372
373
374
375
376
377
378
379
380
381
382
383
384
385
386
387
388
389
390
391
392
393
394
395
396
397
398
399
400
401
402
403
404
405
406
407
408
409
410
411
412
413
414
415
416
417
418
419
420
421
422
423
424
425
426
427
428
429
430
431
432
433
434
435
436
437
438
439
440
441
442
443
444
445
446
447
448
449
450
451
452
453
454
455
456
457
458
459
460
461
462
463
464
465
466
467
468
469
470
471
472
473
474
475
476
477
478
479
480
481
482
483
484
485
486
487
488
489
490
491
492
493
494
495
496
497
498
499
500
501
502
503
504
505
506
507
508
509
510
511
512
513
514
515
516
517
518
519
520
521
522
523
524
525
526
527
528
529
530
531
532
533
534
535
536
537
538
539
540
541
542
543
544
545
546
547
548
549
550
551
552
553
554
555
556
557
558
559
560
561
562
563
564
565
566
567
568
569
570
571
572
573
574
575
576
577
578
579
580
581
582
583
584
585
586
587
588
589
590
591
592
593
594
595
596
597
598
599
600
601
602
603
604
605
606
607
608
609
610
611
612
613
614
615
616
617
618
619
620
621
622
623
624
625
626
627
628
629
630
631
632
633
634
635
636
637
638
639
640
641
642
643
644
645
646
647
648
649
650
651
652
653
654
655
656
657
658
659
660
661
662
663
664
665
666
667
668
669
670
671
672
673
674
675
676
677
678
679
680
681
682
683
684
685
686
687
688
689
690
691
692
693
694
695
696
697
698
699
700
701
702
703
704
705
706
707
708
709
710
711
712
713
714
715
716
717
718
719
720
721
722
723
724
725
726
727
728
729
-281.3538461538914 -281.3538461538111 0
-281.3538461538881 -257.9076923076214 0
-281.3538461538848 -234.461538461432 0
-281.3538461538814 -211.0153846152435 0
-281.3538461538781 -187.5692307690419 0
-281.3538461538747 -164.1230769228342 0
-281.3538461538714 -140.6769230766265 0
-281.3538461538681 -117.2307692304186 0
-281.3538461538647 -93.78461538421045 0
-281.3538461538614 -70.33846153800228 0
-281.3538461538579 -46.89230769179414 0
-281.3538461538546 -23.44615384556411 0
-281.3538461538513 6.556319931405596e-10 0
-281.353846153848 23.44615384677603 0
-281.3538461538446 46.89230769288625 0
-281.3538461538412 70.33846153898371 0
-281.3538461538378 93.78461538508191 0
-281.3538461538346 117.2307692311801 0
-281.3538461538312 140.6769230772701 0
-281.3538461538279 164.1230769233582 0
-281.3538461538245 187.5692307694461 0
-281.3538461538211 211.0153846155445 0
-281.3538461538177 234.4615384616436 0
-281.3538461538145 257.9076923077632 0
-281.3538461538112 281.3538461538914 0
-257.9076923077633 -281.3538461538145 0
-257.9076923077574 -257.9076923076273 0
-257.9076923077515 -234.4615384614408 0
-257.9076923077455 -211.015384615256 0
-257.9076923077395 -187.5692307690588 0
-257.9076923077337 -164.123076922856 0
-257.9076923077279 -140.6769230766533 0
-257.9076923077219 -117.2307692304504 0
-257.9076923077159 -93.78461538424676 0
-257.90769230771 -70.33846153804322 0
-257.9076923077042 -46.89230769183963 0
-257.9076923076983 -23.44615384561465 0
-257.9076923076923 6.009770459058927e-10 0
-257.9076923076863 23.44615384672559 0
-257.9076923076805 46.89230769284073 0
-257.9076923076746 70.33846153894281 0
-257.9076923076687 93.78461538504557 0
-257.9076923076628 117.2307692311484 0
-257.9076923076569 140.6769230772433 0
-257.907692307651 164.1230769233363 0
-257.907692307645 187.5692307694293 0
-257.9076923076391 211.0153846155319 0
-257.9076923076332 234.4615384616348 0
-257.9076923076274 257.9076923077573 0
-257.9076923076215 281.3538461538881 0
-234.4615384616436 -281.3538461538177 0
-234.4615384616348 -257.9076923076332 0
-234.461538461626 -234.4615384614497 0
-234.4615384616172 -211.0153846152686 0
-234.4615384616083 -187.5692307690756 0
-234.4615384615995 -164.1230769228778 0
-234.4615384615907 -140.6769230766801 0
-234.4615384615819 -117.230769230482 0
-234.4615384615731 -93.7846153842831 0
-234.4615384615643 -70.33846153808406 0
-234.4615384615554 -46.89230769188514 0
-234.4615384615467 -23.44615384566515 0
-234.4615384615378 5.463505203806562e-10 0
-234.461538461529 23.44615384667509 0
-234.4615384615202 46.8923076927952 0
-234.4615384615114 70.33846153890188 0
-234.4615384615026 93.78461538500927 0
-234.4615384614937 117.2307692311167 0
-234.4615384614849 140.6769230772165 0
-234.4615384614761 164.1230769233145 0
-234.4615384614673 187.5692307694125 0
-234.4615384614584 211.0153846155194 0
-234.4615384614496 234.4615384616259 0
-234.4615384614408 257.9076923077513 0
-234.461538461432 281.3538461538848 0
-211.0153846155444 -281.3538461538211 0
-211.0153846155319 -257.9076923076391 0
-211.0153846155194 -234.4615384614585 0
-211.0153846155068 -211.0153846152811 0
-211.0153846154942 -187.5692307690924 0
-211.0153846154818 -164.1230769228996 0
-211.0153846154692 -140.6769230767069 0
-211.0153846154568 -117.2307692305138 0
-211.0153846154441 -93.78461538431938 0
-211.0153846154316 -70.33846153812493 0
-211.015384615419 -46.89230769193064 0
-211.0153846154065 -23.44615384571563 0
-211.015384615394 4.917239948554197e-10 0
-211.0153846153815 23.44615384662455 0
-211.0153846153688 46.89230769274971 0
-211.0153846153564 70.33846153886103 0
-211.0153846153439 93.78461538497301 0
-211.0153846153312 117.2307692310849 0
-211.0153846153187 140.6769230771897 0
-211.0153846153062 164.1230769232926 0
-211.0153846152936 187.5692307693956 0
-211.0153846152811 211.0153846155069 0
-211.0153846152686 234.4615384616172 0
-211.0153846152561 257.9076923077454 0
-211.0153846152435 281.3538461538814 0
-187.5692307694461 -281.3538461538245 0
-187.5692307694293 -257.907692307645 0
-187.5692307694124 -234.4615384614672 0
-187.5692307693955 -211.0153846152936 0
-187.5692307693787 -187.5692307691093 0
-187.5692307693619 -164.1230769229215 0
-187.5692307693451 -140.6769230767338 0
-187.5692307693282 -117.2307692305456 0
-187.5692307693114 -93.7846153843557 0
-187.5692307692945 -70.33846153816587 0
-187.5692307692777 -46.89230769197617 0
-187.5692307692609 -23.44615384576609 0
-187.569230769244 4.370690476207528e-10 0
-187.5692307692271 23.44615384657403 0
-187.5692307692103 46.89230769270424 0
-187.5692307691935 70.33846153882013 0
-187.5692307691766 93.78461538493667 0
-187.5692307691598 117.2307692310532 0
-187.569230769143 140.6769230771629 0
-187.5692307691261 164.1230769232708 0
-187.5692307691093 187.5692307693787 0
-187.5692307690924 211.0153846154943 0
-187.5692307690755 234.4615384616083 0
-187.5692307690587 257.9076923077395 0
-187.5692307690419 281.353846153878 0
-164.1230769233581 -281.3538461538279 0
-164.1230769233363 -257.907692307651 0
-164.1230769233144 -234.4615384614761 0
-164.1230769232926 -211.0153846153062 0
-164.1230769232708 -187.5692307691261 0
-164.123076923249 -164.1230769229433 0
-164.1230769232271 -140.6769230767605 0
-164.1230769232053 -117.2307692305773 0
-164.1230769231834 -93.784615384392 0
-164.1230769231616 -70.33846153820676 0
-164.1230769231398 -46.89230769202163 0
-164.123076923118 -23.44615384581662 0
-164.1230769230962 3.824567329502315e-10 0
-164.1230769230743 23.44615384652356 0
-164.1230769230525 46.89230769265872 0
-164.1230769230306 70.3384615387792 0
-164.1230769230088 93.78461538490035 0
-164.1230769229869 117.2307692310215 0
-164.1230769229652 140.6769230771361 0
-164.1230769229433 164.123076923249 0
-164.1230769229215 187.5692307693619 0
-164.1230769228996 211.0153846154817 0
-164.1230769228778 234.4615384615995 0
-164.123076922856 257.9076923077337 0
-164.1230769228342 281.3538461538747 0
-140.6769230772701 -281.3538461538312 0
-140.6769230772433 -257.9076923076569 0
-140.6769230772165 -234.4615384614849 0
-140.6769230771897 -211.0153846153187 0
-140.6769230771629 -187.569230769143 0
-140.6769230771361 -164.1230769229651 0
-140.6769230771092 -140.6769230767873 0
-140.6769230770824 -117.230769230609 0
-140.6769230770556 -93.78461538442834 0
-140.6769230770288 -70.33846153824764 0
-140.6769230770019 -46.89230769206721 0
-140.6769230769751 -23.44615384586707 0
-140.6769230769483 3.278159965702798e-10 0
-140.6769230769214 23.44615384647301 0
-140.6769230768946 46.89230769261319 0
-140.6769230768678 70.33846153873836 0
-140.676923076841 93.78461538486405 0
-140.6769230768142 117.2307692309897 0
-140.6769230767873 140.6769230771092 0
-140.6769230767605 164.1230769232271 0
-140.6769230767337 187.569230769345 0
-140.6769230767069 211.0153846154692 0
-140.6769230766801 234.4615384615907 0
-140.6769230766533 257.9076923077278 0
-140.6769230766265 281.3538461538714 0
-117.2307692311801 -281.3538461538345 0
-117.2307692311484 -257.9076923076628 0
-117.2307692311166 -234.4615384614938 0
-117.230769231085 -211.0153846153313 0
-117.2307692310532 -187.5692307691598 0
-117.2307692310215 -164.1230769229871 0
-117.2307692309897 -140.6769230768141 0
-117.230769230958 -117.2307692306407 0
-117.2307692309263 -93.78461538446464 0
-117.2307692308946 -70.33846153828856 0
-117.2307692308628 -46.89230769211267 0
-117.2307692308311 -23.44615384591761 0
-117.2307692307994 2.731752601903281e-10 0
-117.2307692307676 23.44615384642258 0
-117.2307692307359 46.89230769256764 0
-117.2307692307042 70.33846153869744 0
-117.2307692306725 93.78461538482779 0
-117.2307692306407 117.230769230958 0
-117.230769230609 140.6769230770824 0
-117.2307692305773 164.1230769232053 0
-117.2307692305455 187.5692307693282 0
-117.2307692305138 211.0153846154567 0
-117.230769230482 234.4615384615819 0
-117.2307692304504 257.9076923077219 0
-117.2307692304186 281.3538461538679 0
-93.78461538508189 -281.3538461538379 0
-93.7846153850456 -257.9076923076686 0
-93.78461538500929 -234.4615384615026 0
-93.78461538497299 -211.0153846153439 0
-93.78461538493667 -187.5692307691767 0
-93.78461538490036 -164.1230769230088 0
-93.78461538486405 -140.6769230768409 0
-93.78461538482776 -117.2307692306724 0
-93.78461538479146 -93.78461538450098 0
-93.78461538475514 -70.33846153832941 0
-93.78461538471882 -46.89230769215818 0
-93.7846153846825 -23.44615384596811 0
-93.7846153846462 2.185345238103764e-10 0
-93.78461538460991 23.4461538463721 0
-93.78461538457356 46.89230769252214 0
-93.78461538453726 70.33846153865659 0
-93.78461538450095 93.78461538479145 0
-93.78461538446462 117.2307692309263 0
-93.78461538442835 140.6769230770556 0
-93.78461538439205 164.1230769231835 0
-93.78461538435575 187.5692307693114 0
-93.78461538431941 211.0153846154442 0
-93.78461538428311 234.4615384615731 0
-93.78461538424681 257.9076923077158 0
-93.78461538421048 281.3538461538647 0
-70.33846153898369 -281.3538461538412 0
-70.33846153894279 -257.9076923076746 0
-70.33846153890188 -234.4615384615114 0
-70.33846153886103 -211.0153846153564 0
-70.33846153882011 -187.5692307691935 0
-70.33846153877923 -164.1230769230307 0
-70.33846153873834 -140.6769230768678 0
-70.33846153869743 -117.2307692307041 0
-70.33846153865653 -93.78461538453728 0
-70.33846153861563 -70.33846153837027 0
-70.33846153857476 -46.89230769220367 0
-70.33846153853389 -23.44615384601856 0
-70.33846153849298 1.639079982851399e-10 0
-70.33846153845209 23.44615384632155 0
-70.33846153841122 46.89230769247669 0
-70.33846153837032 70.33846153861565 0
-70.3384615383294 93.78461538475514 0
-70.3384615382885 117.2307692308946 0
-70.33846153824767 140.6769230770288 0
-70.33846153820673 164.1230769231616 0
-70.33846153816586 187.5692307692946 0
-70.33846153812496 211.0153846154316 0
-70.33846153808408 234.4615384615643 0
-70.33846153804318 257.9076923077099 0
-70.33846153800229 281.3538461538614 0
-46.89230769288626 -281.3538461538445 0
-46.89230769284076 -257.9076923076805 0
-46.89230769279526 -234.4615384615202 0
-46.89230769274973 -211.0153846153689 0
-46.89230769270424 -187.5692307692103 0
-46.89230769265872 -164.1230769230526 0
-46.89230769261324 -140.6769230768946 0
-46.89230769256774 -117.2307692307359 0
-46.89230769252222 -93.78461538457358 0
-46.89230769247671 -70.3384615384112 0
-46.89230769243122 -46.89230769224919 0
-46.89230769238571 -23.44615384606908 0
-46.89230769234018 1.092814727599034e-10 0
-46.89230769229471 23.44615384627106 0
-46.89230769224917 46.89230769243117 0
-46.89230769220368 70.33846153857478 0
-46.89230769215818 93.7846153847188 0
-46.89230769211267 117.2307692308628 0
-46.89230769206718 140.676923077002 0
-46.89230769202166 164.1230769231398 0
-46.89230769197614 187.5692307692777 0
-46.89230769193063 211.015384615419 0
-46.89230769188515 234.4615384615554 0
-46.89230769183963 257.9076923077042 0
-46.89230769179413 281.3538461538579 0
-23.44615384677602 -281.353846153848 0
-23.44615384672557 -257.9076923076864 0
-23.44615384667507 -234.461538461529 0
-23.44615384662456 -211.0153846153814 0
-23.44615384657405 -187.5692307692271 0
-23.44615384652357 -164.1230769230744 0
-23.44615384647304 -140.6769230769214 0
-23.44615384642256 -117.2307692307676 0
-23.44615384637208 -93.78461538460991 0
-23.44615384632154 -70.33846153845212 0
-23.44615384627105 -46.89230769229469 0
-23.44615384622058 -23.44615384611957 0
-23.44615384617006 5.46265255252365e-11 0
-23.44615384611958 23.4461538462206 0
-23.44615384606907 46.89230769238567 0
-23.44615384601857 70.33846153853389 0
-23.44615384596811 93.7846153846825 0
-23.44615384591759 117.2307692308311 0
-23.44615384586707 140.6769230769751 0
-23.44615384581661 164.123076923118 0
-23.44615384576613 187.5692307692609 0
-23.44615384571563 211.0153846154065 0
-23.44615384566514 234.4615384615466 0
-23.44615384561466 257.9076923076981 0
-23.4461538455641 281.3538461538546 0
-6.556232479992085e-10 -281.3538461538513 0
-6.009879773325968e-10 -257.9076923076923 0
-5.463527066659956e-10 -234.4615384615378 0
-4.917174359994191e-10 -211.015384615394 0
-4.370821653328286e-10 -187.569230769244 0
-3.824468946662428e-10 -164.1230769230962 0
-3.27811623999657e-10 -140.6769230769483 0
-2.731763533330688e-10 -117.2307692307994 0
-2.185410826664708e-10 -93.78461538464624 0
-1.639058119998725e-10 -70.33846153849299 0
-1.092705413332751e-10 -46.89230769234018 0
-5.463527066663752e-11 -23.44615384617006 0
0 0 0
5.463527066663752e-11 23.44615384617006 0
1.09270541333275e-10 46.89230769234018 0
1.639058119998723e-10 70.33846153849298 0
2.185410826664706e-10 93.78461538464622 0
2.731763533330686e-10 117.2307692307994 0
3.27811623999657e-10 140.6769230769483 0
3.824468946662426e-10 164.1230769230962 0
4.370821653328285e-10 187.569230769244 0
4.917174359994191e-10 211.015384615394 0
5.463527066659956e-10 234.4615384615378 0
6.009879773325968e-10 257.9076923076922 0
6.556232479992086e-10 281.3538461538512 0
23.44615384556409 -281.3538461538546 0
23.44615384561465 -257.9076923076983 0
23.44615384566514 -234.4615384615466 0
23.44615384571562 -211.0153846154064 0
23.4461538457661 -187.5692307692609 0
23.44615384581662 -164.123076923118 0
23.44615384586707 -140.6769230769751 0
23.44615384591759 -117.2307692308311 0
23.4461538459681 -93.7846153846825 0
23.44615384601856 -70.33846153853386 0
23.44615384606907 -46.8923076923857 0
23.44615384611958 -23.44615384622058 0
23.44615384617006 -5.46265255252365e-11 0
23.44615384622058 23.44615384611959 0
23.44615384627106 46.89230769229466 0
23.44615384632155 70.33846153845209 0
23.44615384637208 93.78461538460988 0
23.44615384642256 117.2307692307676 0
23.44615384647302 140.6769230769215 0
23.44615384652357 164.1230769230743 0
23.44615384657408 187.5692307692271 0
23.44615384662456 211.0153846153814 0
23.44615384667506 234.461538461529 0
23.44615384672558 257.9076923076863 0
23.44615384677603 281.353846153848 0
46.8923076917941 -281.353846153858 0
46.8923076918396 -257.9076923077042 0
46.89230769188509 -234.4615384615554 0
46.8923076919306 -211.015384615419 0
46.89230769197613 -187.5692307692777 0
46.89230769202162 -164.1230769231398 0
46.89230769206713 -140.6769230770019 0
46.89230769211259 -117.2307692308628 0
46.89230769215811 -93.78461538471882 0
46.89230769220367 -70.33846153857479 0
46.89230769224915 -46.8923076924312 0
46.89230769229465 -23.44615384627105 0
46.89230769234018 -1.092814727599034e-10 0
46.89230769238566 23.44615384606907 0
46.89230769243119 46.89230769224918 0
46.89230769247668 70.33846153841121 0
46.89230769252221 93.78461538457356 0
46.89230769256768 117.2307692307359 0
46.89230769261322 140.6769230768946 0
46.89230769265869 164.1230769230525 0
46.89230769270422 187.5692307692103 0
46.89230769274971 211.0153846153689 0
46.89230769279521 234.4615384615202 0
46.89230769284072 257.9076923076805 0
46.89230769288625 281.3538461538446 0
70.33846153800232 -281.3538461538614 0
70.33846153804318 -257.90769230771 0
70.33846153808408 -234.4615384615642 0
70.33846153812496 -211.0153846154316 0
70.33846153816586 -187.5692307692946 0
70.33846153820673 -164.1230769231616 0
70.33846153824763 -140.6769230770288 0
70.33846153828853 -117.2307692308945 0
70.33846153832945 -93.78461538475514 0
70.33846153837032 -70.33846153861566 0
70.33846153841122 -46.8923076924767 0
70.33846153845209 -23.44615384632155 0
70.33846153849299 -1.639151037124975e-10 0
70.33846153853391 23.44615384601857 0
70.33846153857476 46.89230769220367 0
70.33846153861568 70.33846153837031 0
70.33846153865656 93.78461538453725 0
70.33846153869744 117.2307692307042 0
70.3384615387383 140.6769230768678 0
70.3384615387792 164.1230769230306 0
70.33846153882014 187.5692307691935 0
70.33846153886103 211.0153846153564 0
70.3384615389019 234.4615384615114 0
70.33846153894279 257.9076923076744 0
70.33846153898371 281.3538461538411 0
93.7846153842105 -281.3538461538647 0
93.78461538424678 -257.9076923077159 0
93.7846153842831 -234.4615384615731 0
93.78461538431939 -211.0153846154441 0
93.78461538435573 -187.5692307693114 0
93.78461538439198 -164.1230769231835 0
93.78461538442836 -140.6769230770556 0
93.78461538446467 -117.2307692309263 0
93.78461538450094 -93.78461538479138 0
93.78461538453729 -70.33846153865653 0
93.78461538457358 -46.8923076925222 0
93.78461538460989 -23.44615384637207 0
93.78461538464617 -2.18541629237734e-10 0
93.7846153846825 23.44615384596811 0
93.78461538471879 46.89230769215815 0
93.78461538475514 70.33846153832941 0
93.78461538479145 93.78461538450098 0
93.7846153848278 117.2307692306725 0
93.7846153848641 140.676923076841 0
93.78461538490039 164.1230769230088 0
93.78461538493669 187.5692307691767 0
93.78461538497301 211.0153846153438 0
93.78461538500929 234.4615384615026 0
93.78461538504558 257.9076923076686 0
93.78461538508191 281.3538461538378 0
117.2307692304186 -281.353846153868 0
117.2307692304503 -257.907692307722 0
117.2307692304821 -234.4615384615819 0
117.2307692305138 -211.0153846154566 0
117.2307692305456 -187.5692307693282 0
117.2307692305773 -164.1230769232053 0
117.230769230609 -140.6769230770824 0
117.2307692306408 -117.2307692309581 0
117.2307692306725 -93.78461538482776 0
117.2307692307042 -70.33846153869746 0
117.2307692307359 -46.89230769256773 0
117.2307692307676 -23.44615384642254 0
117.2307692307994 -2.731894710450433e-10 0
117.2307692308311 23.44615384591758 0
117.2307692308629 46.89230769211261 0
117.2307692308946 70.33846153828858 0
117.2307692309263 93.78461538446467 0
117.230769230958 117.2307692306407 0
117.2307692309897 140.6769230768142 0
117.2307692310214 164.123076922987 0
117.2307692310532 187.5692307691598 0
117.230769231085 211.0153846153313 0
117.2307692311167 234.4615384614937 0
117.2307692311484 257.9076923076628 0
117.2307692311801 281.3538461538345 0
140.6769230766265 -281.3538461538714 0
140.6769230766533 -257.9076923077278 0
140.6769230766801 -234.4615384615907 0
140.676923076707 -211.0153846154693 0
140.6769230767337 -187.569230769345 0
140.6769230767606 -164.1230769232272 0
140.6769230767874 -140.6769230771092 0
140.6769230768142 -117.2307692309897 0
140.6769230768409 -93.78461538486405 0
140.6769230768678 -70.33846153873837 0
140.6769230768946 -46.89230769261322 0
140.6769230769215 -23.44615384647303 0
140.6769230769483 -3.278159965702798e-10 0
140.6769230769751 23.44615384586708 0
140.676923077002 46.89230769206714 0
140.6769230770287 70.3384615382476 0
140.6769230770556 93.78461538442836 0
140.6769230770824 117.230769230609 0
140.6769230771092 140.6769230767874 0
140.6769230771361 164.1230769229651 0
140.6769230771629 187.569230769143 0
140.6769230771897 211.0153846153187 0
140.6769230772165 234.4615384614849 0
140.6769230772433 257.9076923076569 0
140.6769230772701 281.3538461538312 0
164.1230769228342 -281.3538461538747 0
164.1230769228561 -257.9076923077337 0
164.1230769228778 -234.4615384615995 0
164.1230769228996 -211.0153846154817 0
164.1230769229215 -187.5692307693619 0
164.1230769229433 -164.123076923249 0
164.1230769229652 -140.676923077136 0
164.1230769229869 -117.2307692310215 0
164.1230769230088 -93.78461538490038 0
164.1230769230307 -70.3384615387792 0
164.1230769230525 -46.89230769265875 0
164.1230769230743 -23.44615384652358 0
164.1230769230962 -3.824425220955163e-10 0
164.1230769231179 23.4461538458166 0
164.1230769231398 46.89230769202162 0
164.1230769231616 70.33846153820673 0
164.1230769231835 93.78461538439207 0
164.1230769232053 117.2307692305773 0
164.1230769232271 140.6769230767605 0
164.1230769232489 164.1230769229433 0
164.1230769232708 187.5692307691261 0
164.1230769232926 211.0153846153062 0
164.1230769233145 234.4615384614761 0
164.1230769233363 257.907692307651 0
164.1230769233582 281.3538461538277 0
187.5692307690419 -281.353846153878 0
187.5692307690588 -257.9076923077396 0
187.5692307690756 -234.4615384616084 0
187.5692307690924 -211.0153846154943 0
187.5692307691093 -187.5692307693787 0
187.5692307691261 -164.1230769232708 0
187.569230769143 -140.6769230771629 0
187.5692307691598 -117.2307692310532 0
187.5692307691767 -93.78461538493673 0
187.5692307691935 -70.33846153882013 0
187.5692307692103 -46.89230769270421 0
187.5692307692271 -23.4461538465741 0
187.569230769244 -4.37065494907074e-10 0
187.5692307692609 23.44615384576613 0
187.5692307692777 46.89230769197613 0
187.5692307692945 70.33846153816589 0
187.5692307693114 93.78461538435575 0
187.5692307693282 117.2307692305455 0
187.569230769345 140.6769230767338 0
187.5692307693619 164.1230769229215 0
187.5692307693787 187.5692307691093 0
187.5692307693956 211.0153846152936 0
187.5692307694124 234.4615384614673 0
187.5692307694293 257.907692307645 0
187.5692307694461 281.3538461538244 0
211.0153846152434 -281.3538461538814 0
211.015384615256 -257.9076923077455 0
211.0153846152685 -234.4615384616171 0
211.0153846152811 -211.0153846155069 0
211.0153846152937 -187.5692307693956 0
211.0153846153062 -164.1230769232926 0
211.0153846153187 -140.6769230771897 0
211.0153846153312 -117.2307692310849 0
211.0153846153439 -93.78461538497297 0
211.0153846153563 -70.33846153886103 0
211.0153846153689 -46.89230769274974 0
211.0153846153815 -23.44615384662455 0
211.015384615394 -4.917168894280621e-10 0
211.0153846154065 23.44615384571564 0
211.015384615419 46.8923076919306 0
211.0153846154316 70.33846153812496 0
211.0153846154441 93.78461538431944 0
211.0153846154566 117.2307692305138 0
211.0153846154692 140.6769230767069 0
211.0153846154817 164.1230769228997 0
211.0153846154943 187.5692307690924 0
211.0153846155069 211.0153846152811 0
211.0153846155194 234.4615384614585 0
211.0153846155319 257.9076923076391 0
211.0153846155444 281.3538461538211 0
234.461538461432 -281.3538461538848 0
234.4615384614409 -257.9076923077515 0
234.4615384614496 -234.461538461626 0
234.4615384614584 -211.0153846155194 0
234.4615384614673 -187.5692307694124 0
234.4615384614761 -164.1230769233145 0
234.4615384614848 -140.6769230772164 0
234.4615384614937 -117.2307692311166 0
234.4615384615026 -93.78461538500927 0
234.4615384615113 -70.33846153890187 0
234.4615384615202 -46.89230769279526 0
234.461538461529 -23.44615384667508 0
234.4615384615378 -5.463469676669774e-10 0
234.4615384615466 23.44615384566515 0
234.4615384615554 46.89230769188508 0
234.4615384615642 70.33846153808408 0
234.461538461573 93.7846153842831 0
234.4615384615819 117.2307692304821 0
234.4615384615906 140.6769230766801 0
234.4615384615995 164.1230769228778 0
234.4615384616083 187.5692307690756 0
234.4615384616171 211.0153846152685 0
234.4615384616259 234.4615384614497 0
234.4615384616348 257.9076923076332 0
234.4615384616436 281.3538461538177 0
257.9076923076214 -281.3538461538881 0
257.9076923076273 -257.9076923077574 0
257.9076923076332 -234.4615384616348 0
257.9076923076391 -211.0153846155319 0
257.907692307645 -187.5692307694293 0
257.907692307651 -164.1230769233363 0
257.9076923076568 -140.6769230772433 0
257.9076923076628 -117.2307692311484 0
257.9076923076687 -93.78461538504558 0
257.9076923076746 -70.33846153894281 0
257.9076923076805 -46.89230769284077 0
257.9076923076864 -23.44615384672559 0
257.9076923076923 -6.009752695490533e-10 0
257.9076923076983 23.44615384561465 0
257.9076923077041 46.89230769183961 0
257.9076923077101 70.33846153804319 0
257.9076923077159 93.78461538424676 0
257.9076923077219 117.2307692304503 0
257.9076923077278 140.6769230766533 0
257.9076923077337 164.123076922856 0
257.9076923077395 187.5692307690588 0
257.9076923077454 211.015384615256 0
257.9076923077513 234.4615384614409 0
257.9076923077574 257.9076923076273 0
257.9076923077632 281.3538461538145 0
281.3538461538109 -281.3538461538914 0
281.3538461538143 -257.9076923077633 0
281.3538461538177 -234.4615384616436 0
281.3538461538211 -211.0153846155444 0
281.3538461538244 -187.5692307694461 0
281.3538461538279 -164.1230769233582 0
281.3538461538312 -140.6769230772701 0
281.3538461538345 -117.2307692311801 0
281.3538461538378 -93.78461538508193 0
281.3538461538411 -70.33846153898371 0
281.3538461538446 -46.89230769288626 0
281.353846153848 -23.446153846776 0
281.3538461538513 -6.556239995347823e-10 0
281.3538461538545 23.4461538455641 0
281.353846153858 46.89230769179412 0
281.3538461538614 70.33846153800229 0
281.3538461538647 93.78461538421048 0
281.3538461538679 117.2307692304186 0
281.3538461538714 140.6769230766265 0
281.3538461538747 164.1230769228342 0
281.353846153878 187.5692307690419 0
281.3538461538814 211.0153846152435 0
281.3538461538848 234.461538461432 0
281.3538461538881 257.9076923076214 0
281.3538461538914 281.3538461538112 0
$EndNodes
$Elements
9 784 1 784
0 1 15 1
1 1 
0 2 15 1
2 2 
0 3 15 1
3 3 
0 4 15 1
4 4 
1 1 1 26
5 1 5 
6 5 6 
7 6 7 
8 7 8 
9 8 9 
10 9 10 
11 10 11 
12 11 12 
13 12 13 
14 13 14 
15 14 15 
16 15 16 
17 16 17 
18 17 18 
19 18 19 
20 19 20 
21 20 21 
22 21 22 
23 22 23 
24 23 24 
25 24 25 
26 25 26 
27 26 27 
28 27 28 
29 28 29 
30 29 2 
1 2 1 26
31 2 30 
32 30 31 
33 31 32 
34 32 33 
35 33 34 
36 34 35 
37 35 36 
38 36 37 
39 37 38 
40 38 39 
41 39 40 
42 40 41 
43 41 42 
44 42 43 
45 43 44 
46 44 45 
47 45 46 
48 46 47 
49 47 48 
50 48 49 
51 49 50 
52 50 51 
53 51 52 
54 52 53 
55 53 54 
56 54 3 
1 3 1 26
57 3 55 
58 55 56 
59 56 57 
60 57 58 
61 58 59 
62 59 60 
63 60 61 
64 61 62 
65 62 63 
66 63 64 
67 64 65 
68 65 66 
69 66 67 
70 67 68 
71 68 69 
72 69 70 
73 70 71 
74 71 72 
75 72 73 
76 73 74 
77 74 75 
78 75 76 
79 76 77 
80 77 78 
81 78 79 
82 79 4 
1 4 1 26
83 4 80 
84 80 81 
85 81 82 
86 82 83 
87 83 84 
88 84 85 
89 85 86 
90 86 87 
91 87 88 
92 88 89 
93 89 90 
94 90 91 
95 91 92 
96 92 93 
97 93 94 
98 94 95 
99 95 96 
100 96 97 
101 97 98 
102 98 99 
103 99 100 
104 100 101 
105 101 102 
106 102 103 
107 103 104 
108 104 1 
2 6 3 676
109 1 5 105 104 
110 104 105 106 103 
111 103 106 107 102 
112 102 107 108 101 
113 101 108 109 100 
114 100 109 110 99 
115 99 110 111 98 
116 98 111 112 97 
117 97 112 113 96 
118 96 113 114 95 
119 95 114 115 94 
120 94 115 116 93 
121 93 116 117 92 
122 92 117 118 91 
123 91 118 119 90 
124 90 119 120 89 
125 89 120 121 88 
126 88 121 122 87 
127 87 122 123 86 
128 86 123 124 85 
129 85 124 125 84 
130 84 125 126 83 
131 83 126 127 82 
132 82 127 128 81 
133 81 128 129 80 
134 80 129 79 4 
135 5 6 130 105 
136 105 130 131 106 
137 106 131 132 107 
138 107 132 133 108 
139 108 133 134 109 
140 109 134 135 110 
141 110 135 136 111 
142 111 136 137 112 
143 112 137 138 113 
144 113 138 139 114 
145 114 139 140 115 
146 115 140 141 116 
147 116 141 142 117 
148 117 142 143 118 
149 118 143 144 119 
150 119 144 145 120 
151 120 145 146 121 
152 121 146 147 122 
153 122 147 148 123 
154 123 148 149 124 
155 124 149 150 125 
156 125 150 151 126 
157 126 151 152 127 
158 127 152 153 128 
159 128 153 154 129 
160 129 154 78 79 
161 6 7 155 130 
162 130 155 156 131 
163 131 156 157 132 
164 132 157 158 133 
165 133 158 159 134 
166 134 159 160 135 
167 135 160 161 136 
168 136 161 162 137 
169 137 162 163 138 
170 138 163 164 139 
171 139 164 165 140 
172 140 165 166 141 
173 141 166 167 142 
174 142 167 168 143 
175 143 168 169 144 
176 144 169 170 145 
177 145 170 171 146 
178 146 171 172 147 
179 147 172 173 148 
180 148 173 174 149 
181 149 174 175 150 
182 150 175 176 151 
183 151 176 177 152 
184 152 177 178 153 
185 153 178 179 154 
186 154 179 77 78 
187 7 8 180 155 
188 155 180 181 156 
189 156 181 182 157 
190 157 182 183 158 
191 158 183 184 159 
192 159 184 185 160 
193 160 185 186 161 
194 161 186 187 162 
195 162 187 188 163 
196 163 188 189 164 
197 164 189 190 165 
198 165 190 191 166 
199 166 191 192 167 
200 167 192 193 168 
201 168 193 194 169 
202 169 194 195 170 
203 170 195 196 171 
204 171 196 197 172 
205 172 197 198 173 
206 173 198 199 174 
207 174 199 200 175 
208 175 200 201 176 
209 176 201 202 177 
210 177 202 203 178 
211 178 203 204 179 
212 179 204 76 77 
213 8 9 205 180 
214 180 205 206 181 
215 181 206 207 182 
216 182 207 208 183 
217 183 208 209 184 
218 184 209 210 185 
219 185 210 211 186 
220 186 211 212 187 
221 187 212 213 188 
222 188 213 214 189 
223 189 214 215 190 
224 190 215 216 191 
225 191 216 217 192 
226 192 217 218 193 
227 193 218 219 194 
228 194 219 220 195 
229 195 220 221 196 
230 196 221 222 197 
231 197 222 223 198 
232 198 223 224 199 
233 199 224 225 200 
234 200 225 226 201 
235 201 226 227 202 
236 202 227 228 203 
237 203 228 229 204 
238 204 229 75 76 
239 9 10 230 205 
240 205 230 231 206 
241 206 231 232 207 
242 207 232 233 208 
243 208 233 234 209 
244 209 234 235 210 
245 210 235 236 211 
246 211 236 237 212 
247 212 237 238 213 
248 213 238 239 214 
249 214 239 240 215 
250 215 240 241 216 
251 216 241 242 217 
252 217 242 243 218 
253 218 243 244 219 
254 219 244 245 220 
255 220 245 246 221 
256 221 246 247 222 
257 222 247 248 223 
258 223 248 249 224 
259 224 249 250 225 
260 225 250 251 226 
261 226 251 252 227 
262 227 252 253 228 
263 228 253 254 229 
264 229 254 74 75 
265 10 11 255 230 
266 230 255 256 231 
267 231 256 257 232 
268 232 257 258 233 
269 233 258 259 234 
270 234 259 260 235 
271 235 260 261 236 
272 236 261 262 237 
273 237 262 263 238 
274 238 263 264 239 
275 239 264 265 240 
276 240 265 266 241 
277 241 266 267 242 
278 242 267 268 243 
279 243 268 269 244 
280 244 269 270 245 
281 245 270 271 246 
282 246 271 272 247 
283 247 272 273 248 
284 248 273 274 249 
285 249 274 275 250 
286 250 275 276 251 
287 251 276 277 252 
288 252 277 278 253 
289 253 278 279 254 
290 254 279 73 74 
291 11 12 280 255 
292 255 280 281 256 
293 256 281 282 257 
294 257 282 283 258 
295 258 283 284 259 
296 259 284 285 260 
297 260 285 286 261 
298 261 286 287 262 
299 262 287 288 263 
300 263 288 289 264 
301 264 289 290 265 
302 265 290 291 266 
303 266 291 292 267 
304 267 292 293 268 
305 268 293 294 269 
306 269 294 295 270 
307 270 295 296 271 
308 271 296 297 272 
309 272 297 298 273 
310 273 298 299 274 
311 274 299 300 275 
312 275 300 301 276 
313 276 301 302 277 
314 277 302 303 278 
315 278 303 304 279 
316 279 304 72 73 
317 12 13 305 280 
318 280 305 306 281 
319 281 306 307 282 
320 282 307 308 283 
321 283 308 309 284 
322 284 309 310 285 
323 285 310 311 286 
324 286 311 312 287 
325 287 312 313 288 
326 288 313 314 289 
327 289 314 315 290 
328 290 315 316 291 
329 291 316 317 292 
330 292 317 318 293 
331 293 318 319 294 
332 294 319 320 295 
333 295 320 321 296 
334 296 321 322 297 
335 297 322 323 298 
336 298 323 324 299 
337 299 324 325 300 
338 300 325 326 301 
339 301 326 327 302 
340 302 327 328 303 
341 303 328 329 304 
342 304 329 71 72 
343 13 14 330 305 
344 305 330 331 306 
345 306 331 332 307 
346 307 332 333 308 
347 308 333 334 309 
348 309 334 335 310 
349 310 335 336 311 
350 311 336 337 312 
351 312 337 338 313 
352 313 338 339 314 
353 314 339 340 315 
354 315 340 341 316 
355 316 341 342 317 
356 317 342 343 318 
357 318 343 344 319 
358 319 344 345 320 
359 320 345 346 321 
360 321 346 347 322 
361 322 347 348 323 
362 323 348 349 324 
363 324 349 350 325 
364 325 350 351 326 
365 326 351 352 327 
366 327 352 353 328 
367 328 353 354 329 
368 329 354 70 71 
369 14 15 355 330 
370 330 355 356 331 
371 331 356 357 332 
372 332 357 358 333 
373 333 358 359 334 
374 334 359 360 335 
375 335 360 361 336 
376 336 361 362 337 
377 337 362 363 338 
378 338 363 364 339 
379 339 364 365 340 
380 340 365 366 341 
381 341 366 367 342 
382 342 367 368 343 
383 343 368 369 344 
384 344 369 370 345 
385 345 370 371 346 
386 346 371 372 347 
387 347 372 373 348 
388 348 373 374 349 
389 349 374 375 350 
390 350 375 376 351 
391 351 376 377 352 
392 352 377 378 353 
393 353 378 379 354 
394 354 379 69 70 
395 15 16 380 355 
396 355 380 381 356 
397 356 381 382 357 
398 357 382 383 358 
399 358 383 384 359 
400 359 384 385 360 
401 360 385 386 361 
402 361 386 387 362 
403 362 387 388 363 
404 363 388 389 364 
405 364 389 390 365 
406 365 390 391 366 
407 366 391 392 367 
408 367 392 393 368 
409 368 393 394 369 
410 369 394 395 370 
411 370 395 396 371 
412 371 396 397 372 
413 372 397 398 373 
414 373 398 399 374 
415 374 399 400 375 
416 375 400 401 376 
417 376 401 402 377 
418 377 402 403 378 
419 378 403 404 379 
420 379 404 68 69 
421 16 17 405 380 
422 380 405 406 381 
423 381 406 407 382 
424 382 407 408 383 
425 383 408 409 384 
426 384 409 410 385 
427 385 410 411 386 
428 386 411 412 387 
429 387 412 413 388 
430 388 413 414 389 
431 389 414 415 390 
432 390 415 416 391 
433 391 416 417 392 
434 392 417 418 393 
435 393 418 419 394 
436 394 419 420 395 
437 395 420 421 396 
438 396 421 422 397 
439 397 422 423 398 
440 398 423 424 399 
441 399 424 425 400 
442 400 425 426 401 
443 401 426 427 402 
444 402 427 428 403 
445 403 428 429 404 
446 404 429 67 68 
447 17 18 430 405 
448 405 430 431 406 
449 406 431 432 407 
450 407 432 433 408 
451 408 433 434 409 
452 409 434 435 410 
453 410 435 436 411 
454 411 436 437 412 
455 412 437 438 413 
456 413 438 439 414 
457 414 439 440 415 
458 415 440 441 416 
459 416 441 442 417 
460 417 442 443 418 
461 418 443 444 419 
462 419 444 445 420 
463 420 445 446 421 
464 421 446 447 422 
465 422 447 448 423 
466 423 448 449 424 
467 424 449 450 425 
468 425 450 451 426 
469 426 451 452 427 
470 427 452 453 428 
471 428 453 454 429 
472 429 454 66 67 
473 18 19 455 430 
474 430 455 456 431 
475 431 456 457 432 
476 432 457 458 433 
477 433 458 459 434 
478 434 459 460 435 
479 435 460 461 436 
480 436 461 462 437 
481 437 462 463 438 
482 438 463 464 439 
483 439 464 465 440 
484 440 465 466 441 
485 441 466 467 442 
486 442 467 468 443 
487 443 468 469 444 
488 444 469 470 445 
489 445 470 471 446 
490 446 471 472 447 
491 447 472 473 448 
492 448 473 474 449 
493 449 474 475 450 
494 450 475 476 451 
495 451 476 477 452 
496 452 477 478 453 
497 453 478 479 454 
498 454 479 65 66 
499 19 20 480 455 
500 455 480 481 456 
501 456 481 482 457 
502 457 482 483 458 
503 458 483 484 459 
504 459 484 485 460 
505 460 485 486 461 
506 461 486 487 462 
507 462 487 488 463 
508 463 488 489 464 
509 464 489 490 465 
510 465 490 491 466 
511 466 491 492 467 
512 467 492 493 468 
513 468 493 494 469 
514 469 494 495 470 
515 470 495 496 471 
516 471 496 497 472 
517 472 497 498 473 
518 473 498 499 474 
519 474 499 500 475 
520 475 500 501 476 
521 476 501 502 477 
522 477 502 503 478 
523 478 503 504 479 
524 479 504 64 65 
525 20 21 505 480 
526 480 505 506 481 
527 481 506 507 482 
528 482 507 508 483 
529 483 508 509 484 
530 484 509 510 485 
531 485 510 511 486 
532 486 511 512 487 
533 487 512 513 488 
534 488 513 514 489 
535 489 514 515 490 
536 490 515 516 491 
537 491 516 517 492 
538 492 517 518 493 
539 493 518 519 494 
540 494 519 520 495 
541 495 520 521 496 
542 496 521 522 497 
543 497 522 523 498 
544 498 523 524 499 
545 499 524 525 500 
546 500 525 526 501 
547 501 526 527 502 
548 502 527 528 503 
549 503 528 529 504 
550 504 529 63 64 
551 21 22 530 505 
552 505 530 531 506 
553 506 531 532 507 
554 507 532 533 508 
555 508 533 534 509 
556 509 534 535 510 
557 510 535 536 511 
558 511 536 537 512 
559 512 537 538 513 
560 513 538 539 514 
561 514 539 540 515 
562 515 540 541 516 
563 516 541 542 517 
564 517 542 543 518 
565 518 543 544 519 
566 519 544 545 520 
567 520 545 546 521 
568 521 546 547 522 
569 522 547 548 523 
570 523 548 549 524 
571 524 549 550 525 
572 525 550 551 526 
573 526 551 552 527 
574 527 552 553 528 
575 528 553 554 529 
576 529 554 62 63 
577 22 23 555 530 
578 530 555 556 531 
579 531 556 557 532 
580 532 557 558 533 
581 533 558 559 534 
582 534 559 560 535 
583 535 560 561 536 
584 536 561 562 537 
585 537 562 563 538 
586 538 563 564 539 
587 539 564 565 540 
588 540 565 566 541 
589 541 566 567 542 
590 542 567 568 543 
591 543 568 569 544 
592 544 569 570 545 
593 545 570 571 546 
594 546 571 572 547 
595 547 572 573 548 
596 548 573 574 549 
597 549 574 575 550 
598 550 575 576 551 
599 551 576 577 552 
600 552 577 578 553 
601 553 578 579 554 
602 554 579 61 62 
603 23 24 580 555 
604 555 580 581 556 
605 556 581 582 557 
606 557 582 583 558 
607 558 583 584 559 
608 559 584 585 560 
609 560 585 586 561 
610 561 586 587 562 
611 562 587 588 563 
612 563 588 589 564 
613 564 589 590 565 
614 565 590 591 566 
615 566 591 592 567 
616 567 592 593 568 
617 568 593 594 569 
618 569 594 595 570 
619 570 595 596 571 
620 571 596 597 572 
621 572 597 598 573 
622 573 598 599 574 
623 574 599 600 575 
624 575 600 601 576 
625 576 601 602 577 
626 577 602 603 578 
627 578 603 604 579 
628 579 604 60 61 
629 24 25 605 580 
630 580 605 606 581 
631 581 606 607 582 
632 582 607 608 583 
633 583 608 609 584 
634 584 609 610 585 
635 585 610 611 586 
636 586 611 612 587 
637 587 612 613 588 
638 588 613 614 589 
639 589 614 615 590 
640 590 615 616 591 
641 591 616 617 592 
642 592 617 618 593 
643 593 618 619 594 
644 594 619 620 595 
645 595 620 621 596 
646 596 621 622 597 
647 597 622 623 598 
648 598 623 624 599 
649 599 624 625 600 
650 600 625 626 601 
651 601 626 627 602 
652 602 627 628 603 
653 603 628 629 604 
654 604 629 59 60 
655 25 26 630 605 
656 605 630 631 606 
657 606 631 632 607 
658 607 632 633 608 
659 608 633 634 609 
660 609 634 635 610 
661 610 635 636 611 
662 611 636 637 612 
663 612 637 638 613 
664 613 638 639 614 
665 614 639 640 615 
666 615 640 641 616 
667 616 641 642 617 
668 617 642 643 618 
669 618 643 644 619 
670 619 644 645 620 
671 620 645 646 621 
672 621 646 647 622 
673 622 647 648 623 
674 623 648 649 624 
675 624 649 650 625 
676 625 650 651 626 
677 626 651 652 627 
678 627 652 653 628 
679 628 653 654 629 
680 629 654 58 59 
681 26 27 655 630 
682 630 655 656 631 
683 631 656 657 632 
684 632 657 658 633 
685 633 658 659 634 
686 634 659 660 635 
687 635 660 661 636 
688 636 661 662 637 
689 637 662 663 638 
690 638 663 664 639 
691 639 664 665 640 
692 640 665 666 641 
693 641 666 667 642 
694 642 667 668 643 
695 643 668 669 644 
696 644 669 670 645 
697 645 670 671 646 
698 646 671 672 647 
699 647 672 673 648 
700 648 673 674 649 
701 649 674 675 650 
702 650 675 676 651 
703 651 676 677 652 
704 652 677 678 653 
705 653 678 679 654 
706 654 679 57 58 
707 27 28 680 655 
708 655 680 681 656 
709 656 681 682 657 
710 657 682 683 658 
711 658 683 684 659 
712 659 684 685 660 
713 660 685 686 661 
714 661 686 687 662 
715 662 687 688 663 
716 663 688 689 664 
717 664 689 690 665 
718 665 690 691 666 
719 666 691 692 667 
720 667 692 693 668 
721 668 693 694 669 
722 669 694 695 670 
723 670 695 696 671 
724 671 696 697 672 
725 672 697 698 673 
726 673 698 699 674 
727 674 699 700 675 
728 675 700 701 676 
729 676 701 702 677 
730 677 702 703 678 
731 678 703 704 679 
732 679 704 56 57 
733 28 29 705 680 
734 680 705 706 681 
735 681 706 707 682 
736 682 707 708 683 
737 683 708 709 684 
738 684 709 710 685 
739 685 710 711 686 
740 686 711 712 687 
741 687 712 713 688 
742 688 713 714 689 
743 689 714 715 690 
744 690 715 716 691 
745 691 716 717 692 
746 692 717 718 693 
747 693 718 719 694 
748 694 719 720 695 
749 695 720 721 696 
750 696 721 722 697 
751 697 722 723 698 
752 698 723 724 699 
753 699 724 725 700 
754 700 725 726 701 
755 701 726 727 702 
756 702 727 728 703 
757 703 728 729 704 
758 704 729 55 56 
759 29 2 30 705 
760 705 30 31 706 
761 706 31 32 707 
762 707 32 33 708 
763 708 33 34 709 
764 709 34 35 710 
765 710 35 36 711 
766 711 36 37 712 
767 712 37 38 713 
768 713 38 39 714 
769 714 39 40 715 
770 715 40 41 716 
771 716 41 42 717 
772 717 42 43 718 
773 718 43 44 719 
774 719 44 45 720 
775 720 45 46 721 
776 721 46 47 722 
777 722 47 48 723 
778 723 48 49 724 
779 724 49 50 725 
780 725 50 51 726 
781 726 51 52 727 
782 727 52 53 728 
783 728 53 54 729 
784 729 54 3 55 
$EndElements
